23.7487
23.6767
23.6671
23.7927
23.6829
23.6873
23.8535
23.6517
23.6454
23.6499
23.7226
23.7306
23.6804
23.6724
23.7227
23.7494
23.6720
23.6878
23.6751
23.6941
23.6481
23.7165
23.6960
23.6071
23.6263
23.7620
23.8135
23.7495
23.6886
23.6957
23.6972
23.8038
23.6233
23.6217
23.7841
23.6538
23.6890
23.7054
23.7735
23.6789
23.7192
23.6755
23.6454
23.7268
23.6705
23.7494
23.7682
23.7067
23.6305
23.6933
23.7279
23.7725
23.6294
23.6395
23.7826
23.7494
23.6354
23.6491
23.6825
23.6577
23.8337
23.7981
23.7349
23.6080
23.6612
23.7998
23.7362
23.8245
23.6955
23.7269
23.7910
23.6798
23.6445
23.6657
23.7035
23.7400
23.8467
23.6945
23.7258
23.7077
23.7060
23.8422
23.6284
23.7384
23.7011
23.7752
23.6291
23.6730
23.7341
23.6651
23.6867
23.7207
23.7222
23.6171
23.7594
23.7650
23.7137
23.6575
23.6693
23.6744
23.7706
23.7193
23.6781
23.6791
23.6747
23.7310
23.6140
23.6002
23.7012
23.8397
23.7872
23.6982
23.6689
23.6919
23.7710
23.7805
23.6360
23.6566
23.6923
23.8234
23.7937
23.6692
23.6771
23.6730
23.7296
23.7373
23.6655
23.7964
23.6607
23.6664
23.7096
23.7982
23.7542
23.7319
23.7875
23.6696
23.6976
23.6543
23.7529
23.7766
23.7006
23.6269
23.6537
23.7748
23.7408
23.6690
23.7135
23.7387
23.8099
23.7767
23.7147
23.6463
23.7020
23.7129
23.7301
23.7351
23.6863
23.7266
23.7671
23.6272
23.7333
23.6979
23.7000
23.7157
23.7177
23.6474
23.6463
23.6769
23.8020
23.7649
23.7126
23.6553
23.7087
23.7586
23.7294
23.7009
23.6947
23.7806
23.7298
23.7042
23.6895
23.6485
23.6746
23.7750
23.7763
23.7173
23.7651
23.6731
23.7854
23.7269
23.7214
23.6217
23.7368
23.7633
23.7142
23.7007
23.6850
23.6612
23.7014
23.6921
23.7717
23.7110
23.7709
23.6928
23.6573
23.7758
23.6444
23.7010
23.7484
23.7347
23.6676
23.7094
23.7398
23.8396
23.6545
23.6739
23.6715
23.7479
23.8436
23.7225
23.6818
23.7449
23.6778
23.7337
23.7524
23.6960
23.6991
23.7451
23.7660
23.6796
23.7574
23.7404
23.7551
23.8379
23.7856
23.6848
23.7581
23.6867
23.7926
23.7654
23.7300
23.7921
23.8484
23.9051
23.7926
23.7704
23.9169
23.8596
23.8636
23.8081
23.8173
23.8721
23.8983
23.8855
23.9302
23.8675
23.8234
23.8432
23.9151
23.8373
23.8239
23.8709
23.9755
23.8794
23.8339
23.8654
23.9569
23.9740
23.9526
23.8874
23.9079
23.9398
23.9851
23.8861
23.9525
23.8940
23.9694
24.0607
23.9939
23.9876
23.9766
24.0274
24.0635
24.0236
23.9987
24.0509
24.0601
24.0800
24.0715
24.0658
23.9630
24.0928
24.1167
24.1320
24.0421

24.1103
24.1254

24.1116
24.0954

24.0799

24.1401
24.2442

24.1483
24.1634

24.1459
24.1442
24.1816

24.1685

24.2216

24.2140
24.1656

24.1938

24.2455
24.2223
24.1973

24.2069

24.2440

24.3027

24.1558

24.3076
24.3103

24.3399

24.2655

24.2332
24.2674

24.3117

24.3969

24.3680
24.3126

24.3344

24.4159

24.3801

24.4662
24.3855
24.2969

24.3833

24.4938

24.3855

24.3469

24.3280
24.4044

24.4334
24.4971

24.4079

24.4585
24.4665
24.5133

24.5462

24.4622

24.5128
24.4066
24.4719

24.4802

24.4942

24.4903

24.5999

24.5750

24.5328
24.5882

24.5685

24.5374

24.5815

24.6132

24.5267
24.6234

24.6273

24.6300
24.5792
24.6189
24.6274
24.6762
24.6467
24.7223
24.6279

24.6735
24.7116
24.6346

24.5858

24.6576

24.7467

24.7744

24.6946

24.6859

24.6925
24.7863
24.7670

24.8120

24.8378

24.6608
24.7729
24.8038
24.7617

24.6971
24.8243

24.7954
24.8439

24.9201
24.7232

24.8490

24.8050

24.9415

24.8949

24.8902

24.8261

24.7939

24.9027

24.9512

24.8502

24.8999

24.9546

24.9245
24.9765
24.8417
24.9825

24.9370

24.9814

25.0007

24.8874

24.8811

24.9636

24.9718

24.9292

24.8975
25.0110
25.0441
24.9812

25.0193
24.9294

25.0558

24.9608

25.1158

25.0263

25.0445
24.9966

25.0994
25.1121

25.0761

25.1250

25.0957

25.1672

25.0599

25.1007

25.0755

25.0267

25.1733

25.2422
25.1674

25.1521

25.1634

25.2622
25.1897

25.1551

25.2267
25.2600
25.4559
25.3336

25.1431

25.0957
25.1638

25.3052

25.2624
25.2007
25.1803

25.2758

25.2876
25.3013

25.2792
25.2895

25.2372
25.3541

25.3327

25.2879

25.3433
25.3054

25.3998

25.3293

25.3126
25.2825
25.3865
25.3698
25.4016

25.3868

25.3812
25.4041
25.4112

25.4182

25.3508
25.4035

25.4521

25.4027

25.4305
25.4456

25.4029

25.4427
25.4438

25.4610

25.4864

25.4840
25.5248

25.4569
25.4401
25.4252
25.4582
25.5015

25.5210
25.5166

25.4740
25.5441

25.4916
25.5267
25.5487
25.5003
25.4794

25.5703

25.5359

25.4970
25.5134

25.5089
25.5888

25.6353

25.5930

25.5622
25.5666

25.6522
25.6295

25.6589
25.5754
25.5714

25.7082

25.7158
25.6014
25.6029
25.6325

25.6796

25.6956

25.6054

25.5793

25.6751

25.6604

25.6366

25.7254

25.6886

25.7348
25.6532
25.6844

25.6431

25.6679

25.6783
25.7779
25.8370
25.6749
25.6787

25.7788

25.7225

25.8203

25.7465
25.7506

25.8369
25.8722
25.8071

25.8043
25.7526

25.7993

25.8042

25.8325

25.7762

25.8055

25.7832

25.8864

25.8669

25.8175

26.0335

25.8662
25.8980

25.8685

25.7958
25.7995
25.9328
25.8738
25.8506
25.8148
25.9294

25.8918
25.8831

25.7781
25.8811

25.9000

25.9790

25.9511
25.8341

25.8295

25.9859

25.9618
26.0207

25.9373
25.9386
25.9055

25.9492

26.0005
25.9819

25.9604

25.9366
25.9789
25.9627
25.9432
25.8062

26.0219

26.0168
26.0414
26.0227
25.9597

26.0521

26.0580
26.0529

26.0412

25.9874

26.0654
26.0903
26.0910
25.9471

26.0108
26.0352
26.1113
26.1374
26.0765
25.9529
26.0330

26.0568

26.1503
26.1056
26.0767

26.1518

26.0408
26.0992
25.9995

26.0866
26.1772
26.0939
26.0845
26.0527
25.9932
26.1339

26.1708

26.1275
26.0537
26.1459
26.1801
26.0918

26.1737

26.1455
26.1420
26.1980
26.1038
26.1149

26.1774
26.2330
26.2071
26.1435

26.3174

26.1223
26.1827
26.2942
26.2370
26.1595
26.2613

26.2081

26.2800

26.2567
26.2470

26.1401

26.3096

26.3089
26.2557
26.3454
26.3076
26.2797
26.2103
26.2332

26.2329
26.2787
26.2693
26.3294
26.3999
26.2226
26.2900
26.4265
26.3417
26.2224

26.3384
26.2897
26.2367
26.3728
26.3815
26.3166
26.3476
26.3558
26.3806
26.3028

26.2778

26.3547
26.4053
26.4186
26.3041
26.3346
26.4487
26.3337
26.3907
26.4641
26.2402
26.3812
26.4647

26.3955
26.3672
26.3622
26.4245
26.4642
26.3911
26.4241
26.4019
26.5423
26.4885
26.4729
26.5112
26.3679
26.4095
26.5707
26.4098
26.4981
26.4559
26.4462
26.5385
26.5614
26.4390
26.4285
26.4214
26.5539
26.5234
26.4923
26.5053
26.4935
26.4892
26.4698
26.4305

26.4987
26.4855
26.5149
26.5385
26.4807
26.5270
26.4644
26.5876
26.5337
26.5135
26.4746
26.5063
26.5918
26.5437
26.5464

26.5441
26.5701
26.6180
26.5588
26.5034
26.5290
26.5320
26.6284
26.6267
26.6001

26.6046
26.5309
26.6615
26.6033
26.5606
26.5738
26.5607
26.7193
26.5996
26.5488

26.6591
26.6170

26.6952
26.6461
26.5794
26.6022
26.6408
26.6270
26.5710
26.6231

26.6320
26.6778
26.6726
26.7293
26.6153
26.6795
26.6829
26.6555
26.6562
26.6531

26.6132
26.6843
26.7061
26.6699
26.6250
26.6642
26.7518
26.7084
26.6750
26.6283

26.6483
26.7263
26.7209
26.6935
26.6553
26.7529

26.7455
26.7412
26.6934
26.6941
26.7285
26.7426
26.7878
26.7097
26.6789
26.6962
26.7873
26.7266
26.7258
26.7084
26.6790
26.7573
26.7997
26.7513
26.7585
26.7152
26.7283
26.7534
26.6925
26.7010
26.6715
26.7141
26.7520
26.7235
26.7073
26.6759
26.6967
26.6503
26.6671
26.6832
26.6808
26.7587
26.6913
26.7067
26.7632
26.7488
26.7655
26.7261
26.6371
26.6599
26.7141
26.7602
26.6650
26.6308
26.6905
26.7166
26.7183
26.6412
26.6321
26.5946
26.6802
26.7034
26.6468
26.6469
26.6344
26.6988
26.6570
26.6600
26.5757
26.6658
26.6988
26.6107
26.6248
26.5399
26.5871
26.6172
26.6277
26.5995
26.5039
26.5567
26.5883
26.6307
26.5777
26.5232
26.5896
26.6405
26.6122
26.5646
26.5146
26.5935
26.5903
26.5511
26.5254
26.5214
26.5496
26.5761
26.6068
26.4871
26.5252
26.5403
26.5439
26.5301
26.4515
26.4983
26.5377
26.4696
26.4287
26.4750
26.4999
26.4786
26.4949
26.4893
26.4517
26.4528
26.5160
26.4215
26.4849
26.4186
26.4257
26.5598
26.4545
26.4026
26.4022
26.4204
26.4209
26.3977
26.3986
26.3825
26.3463
26.3877
26.4423
26.4124
26.3712
26.3580
26.3935
26.3888
26.3714
26.3508
26.3395
26.3411
26.3988
26.3201
26.2839
26.2985
26.3258
26.3488
26.2672
26.3096
26.2603
26.3351
26.2752
26.2421
26.2238
26.3145
26.3076
26.3479
26.2242
26.2250
26.2614
26.3064
26.2725
26.1872
26.1781
26.2108
26.2827

26.1861
26.1861
26.1660
26.2240
26.2441
26.2276
26.1135
26.1861
26.1534
26.1910
26.2711
26.1148
26.0523
26.1419
26.3025
26.2157
26.1221
26.0647
26.1030
26.1563
26.1074
26.0203
26.0976
26.1218
26.1141
26.1438
26.0490
26.0587
26.0395
26.0798
26.0805
26.0940
26.0660
26.0881
26.0678
25.9898
25.9683
26.0393
26.0758
26.0477
26.0251
25.9412
25.9775
26.0723
25.9968
26.0286
25.9084
25.9539
26.0910
26.0807
25.9773
25.9259
25.8610
25.9713
26.0631
25.9425
25.9613
25.9537
25.9356
25.9595
25.9531
25.8902
25.9471
25.9481
25.9380
25.9497
25.9267
25.8377
25.9121
25.9735
25.9157
25.8629
25.8818
25.9362
25.9187
25.8123
25.8912
25.9217
25.8773
25.9139
25.8419
25.8439
25.8542
25.8640
25.8213
25.8154
25.7998
25.8325
25.8281
25.7885
25.7809
25.7886
25.7742
25.8348
25.7964
25.7672
25.7389
25.8752
25.7092
25.7850
25.8233
25.7835
25.8141
25.8350

25.6863
25.7741
25.6729
25.7346
25.7685
25.6501
25.7142
25.6483
25.7654
25.7799
25.6898
25.7028
25.6214
25.7722
25.8230
25.7731
25.7215
25.6183
25.7181
25.6843
25.6118
25.6759
25.6237
25.6714
25.7357
25.6932
25.5850
25.5818
25.6939
25.6577
25.6089
25.5796
25.5713
25.6286
25.6209
25.6249
25.7013
25.6416
25.7168
25.6130
25.4843
25.5488
25.5747
25.5675
25.5417
25.5512
25.5462
25.6333
25.6651
25.5371
25.5792
25.5253
25.5799
25.6460
25.5486
25.4706
25.4743
25.4521
25.5727
25.5961
25.5575
25.4775
25.5087
25.5616
25.5560
25.5237
25.4987
25.4596
25.5219
25.4582
25.5160
25.5079
25.5080
25.5926
25.5486
25.4108
25.4405
25.4404
25.6120
25.4709
25.4266
25.4683
25.3836
25.5276
25.4600
25.4283
25.4115
25.4213
25.4798
25.4222
25.3441
25.3794
25.3458
25.4036
25.4270
25.4128
25.3397
25.3543
25.3820
25.4409

25.3876
25.3845
25.3907
25.4099
25.4456
25.2706
25.3623
25.4045
25.4018
25.3283

25.3300
25.3362
25.4047
25.5165
25.3037
25.3559
25.4038
25.4574
25.4025
25.3839
25.3837
25.3254
25.4067
25.3955
25.3432
25.3367
25.3413
25.3454
25.3987
25.3171
25.3029
25.3275
25.4273
25.3202
25.3143
25.3577
25.3047
25.2807
25.3072
25.3038
25.2091
25.2836
25.2894
25.3137
25.2892
25.3373
25.3236
25.3415
25.2827
25.2812
25.1968
25.2567
25.3384
25.2630
25.1776
25.2061
25.1816
25.3252
25.2368
25.2774
25.1894
25.2260
25.1993
25.1612
25.3381
25.1682
25.2322
25.2405
25.1700
25.1527
25.1565
25.2619
25.1519
25.1882
25.1264
25.1075
25.1957
25.2970
25.2089
25.2232
25.0986
25.1617
25.2855
25.1710
25.2639
25.1720
25.1429
25.3063
25.1039
25.0515
25.1254
25.2817
25.2149
25.1489
25.1351
25.1324
25.1959
25.1039
25.1301
25.1645
25.0828
25.1151
25.1648
25.1455
25.0652
25.0417
25.1673
25.1559
25.1135
25.1254
25.1646
25.1576
25.1503
25.1481
25.1923
25.0923
25.1365
25.1721
25.0553
25.0533
25.0791
25.1168
25.0623
25.0918
25.0654
25.0940
25.0936
24.9938
25.1250
25.0299
25.0475
25.1608
25.1102
25.0796
25.0851
25.1027
25.1055
25.1135
25.0618
25.1211
25.0449
25.1102
25.0617
25.0178
25.0508
25.1461
25.0579
25.0924
25.0257
25.0866
25.1000
25.0884
25.0752
24.9814
25.1101
24.9916
25.0505
25.0065
25.0018
25.0685
25.1969
24.9895
24.9918
25.0414
25.0305
24.9814
25.0683
25.0259
24.9790
25.0403
25.0606
25.1081
25.0425
24.9007
24.9881
25.0114
25.0677
24.9668
24.9486
24.9796
25.0838
24.9537
25.0201
24.8680
24.9547
24.9873
24.9735
25.0012
25.0309
24.9427
25.0367
25.0258
24.9102
24.9890
24.8971
24.9686
24.9089
24.8838
25.0053
24.9036
24.9822
24.9496
24.9279
24.9072
24.9644
25.0339
24.9575
24.9646
24.9702
24.9425
25.0127
24.9687
24.8761
24.9251
25.0195
24.9523
25.0233
24.9326
24.9525
24.9398
24.9896
24.9984
24.8590
24.9722
25.1514
24.8545
24.9341
24.9073
24.9205

24.9112
24.9385
24.9211
24.9187
24.8150
24.9509
24.9899
24.8087
24.8592
24.9661

24.9869
24.8215
24.9173
24.8249
24.8409
24.9738
24.9233
25.0268
24.8384
24.8502
24.9514
24.9963
24.8334
24.9180
24.8687
24.9625
24.8647
24.8278
24.8337
24.8728
24.8288
24.8400
24.8606
24.7294
24.7953
24.8379
24.8942
24.8062
24.7996
24.8205
24.9129

24.9057
24.7850
24.7512
24.9245
24.9257
24.7793
24.8162
24.9943
24.9269
24.9677
24.8838
24.8833
24.8861
24.8467
24.8542
24.8031
24.8511
24.8111
24.7930
24.8451
24.8962
24.8333
24.8231
24.8530
24.8030
24.8128
24.7981
24.7848
24.8082
24.8818
24.9738
24.7556
24.7630
24.8677
24.8869
24.9082
24.7769
24.8409
24.6349
24.9195
24.8993
24.8281
24.8544
24.9270
24.8389
24.8341
24.7710
24.7181
24.8535
24.8799
24.7956
24.8246
24.7917
24.8556
24.8816
24.8424

24.6835
24.8006
24.8745
24.9009
24.8349
24.7627
24.7458
24.7515
24.7932
24.8272
24.7563
24.7817
24.7097
24.8056
24.7809
24.8597
24.7151
24.8216
24.8458
24.7312
24.6844
24.6655
24.9380
24.7694
24.7848
24.7463
24.7310
24.8975
24.8630
24.7785
24.7086
24.7276
24.7636
24.8339
24.6872
24.7208
24.7267
24.7798
24.7885
24.7071
24.7183
24.7938
24.8452
24.7887
24.6986
24.6779
24.7260
24.8541
24.7198
24.6870
24.7683
24.7708
24.9014
24.7154
24.7144
24.7015
24.7418
24.7878
24.7149
24.7450
24.6211
24.7111
24.6938
24.7039
24.6936
24.6869
24.8016
24.7285
24.7352
24.7413
24.7689
24.6662
24.7512
24.7641
24.6421
24.6951
24.7450
24.7596
24.6739
24.6561
24.7874
24.7313
24.7829
24.7361
24.6531
24.6125
24.6377
24.7424
24.7025
24.7758
24.7330
24.7681
24.7235
24.6622
24.7021
24.6953
24.7379
24.6907
24.6935
24.5212
24.6448
24.7372
24.7315
24.6861
24.6386
24.6654
24.7589
24.6989
24.7671
24.5433
24.6446
24.7626
24.7446
24.6180
24.7181
24.6963
24.6985
24.7465
24.8652
24.7887
24.7140
24.6440
24.6912
24.6803
24.5728
24.7324
24.8588
24.6862
24.6362
24.6446
24.7083
24.7203
24.7291
24.7253
24.6513
24.6971
24.8150
24.7643
24.6322
24.6435
24.7777
24.6635
24.6716
24.6841
24.6571
24.6605
24.6944
24.6432
24.5911
24.7483
24.6459
24.6623
24.6404
24.6115
24.6123
24.6793
24.6642
24.6779
24.6391
24.6590
24.6794
24.6653
24.6869
24.5931
24.7149
24.7852
24.6527
24.6298
24.5953
24.6897
24.6475
24.6372
24.6091
24.5723
24.6253
24.7083
24.7089
24.6178
24.6026
24.6235
24.6770
24.7312
24.6032
24.6250
24.7708
24.6536
24.7292
24.6391
24.6904
24.6511
24.6683
24.6748
24.6570
24.6230
24.6386
24.6546
24.6550
24.6344
24.5988
24.6556
24.6559
24.6149
24.5822
24.5991
24.5985
24.6791
24.6656
24.6416
24.5975
24.6468
24.6004
24.6213
24.5718
24.6113
24.5969
24.6829
24.5858
24.6514
24.6700
24.6066
24.7151
24.6221

24.5091
24.6160
24.6277
24.6405
24.6507
24.6078
24.6297
24.6487
24.6676
24.5531
24.5595
24.6394
24.6364
24.6184
24.5348
24.6148
24.6436
24.6091
24.6453
24.6818
24.6945
24.5498
24.6037
24.6125
24.5898
24.4943
24.5549
24.6925
24.6690
24.5732
24.6263
24.6120
24.6290
24.6464
24.5436
24.5521
24.5897
24.6357
24.5564
24.5938
24.6049
24.5806
24.6582
24.5583
24.5715
24.5585
24.5826
24.5987
24.5714
24.6044
24.5503
24.6109
24.5979
24.5446
24.5312
24.5745
24.5897
24.5653
24.6337
24.5721
24.5503
24.6264
24.6303
24.6595
24.6852
24.6185
24.5336
24.6822
24.6491
24.4729
24.5376
24.5769
24.5939
24.5244
24.5304
24.5782
24.5798
24.5286
24.6151
24.5859
24.5700
24.4331
24.7063
24.6221

24.5678
24.4784
24.5681
24.6303
24.4620
24.5635
24.4989
24.6116
24.5651
24.5203
24.5054
24.5858
24.5528
24.6095
24.4762
24.5059
24.5430
24.6288
24.6549
24.5647
24.4899
24.5544
24.6259
24.5943
24.5934
24.5370
24.6070
24.5856

24.5718
24.4633
24.5711
24.5197
24.5348
24.6394
24.6558
24.5187
24.5263
24.6250
24.5799
24.5178
24.5949
24.5895
24.6271
24.6417
24.5795
24.5809
24.5544
24.5595
24.6221
24.5246
24.5443
24.5286
24.5995
24.5783
24.5526
24.4487
24.3995
24.5811
24.5758
24.4776
24.4865
24.4218
24.5896
24.5457
24.5639
24.4461
24.5345
24.5163
24.5982
24.5169
24.5279
24.5668
24.6369
24.5615
24.4827
24.4928
24.5999
24.5675
24.5341
24.4962
24.4941
24.5760
24.4999
24.5427
24.4551
24.5595
24.5312
24.5179
24.4979
24.4819
24.4372
24.5381
24.6371
24.5176
24.4446
24.4770
24.5931
24.5382
24.4885
24.4576
24.5021
24.5543
24.5221
24.5291
24.5471
24.4680
24.4948
24.5169
24.5139

24.4778
24.4699
24.5526
24.5363
24.4028

24.4298
24.4877
24.5220
24.5348
24.5062
24.4564
24.5549
24.4980
24.5099
24.4479
24.4818
24.4676
24.4681
24.5046
24.4834
24.4964
24.4681
24.5234
24.5347
24.4421
24.4651
24.5528
24.4930
24.5173
24.4650
24.5125
24.4311
24.5288
24.5200
24.4273
24.4785
24.4554
24.5127
24.4404
24.5234
24.5462
24.4886
24.5171
24.4622
24.4266
24.4853

24.5088
24.5309
24.5121
24.5579
24.4794
24.4644
24.5189
24.4814
24.4822
24.4450
24.4564
24.5008
24.4713
24.4495
24.4782
24.4908
24.5035
24.4065
24.4586
24.4576
24.5031
24.4808
24.5270
24.4384
24.4841
24.4409
24.4388
24.4907
24.4320
24.4472
24.4257
24.5081
24.5070
24.4353
24.5170
24.4696
24.4805
24.4490
24.4601
24.4965
24.4879
24.4556
24.4942
24.4361
24.4822
24.4589
24.4414
24.4821
24.4464
24.4407
24.5292
24.5783
24.4881
24.4449
24.4742
24.4710
24.3672
24.4497
24.4723
24.4693
24.4865
24.4426
24.4522
24.4298
24.4784
24.5102
24.5001
24.3496
24.4209
24.4857
24.5171
24.5012
24.4118
24.4264
24.5516
24.4927
24.4634
24.4777
24.4487
24.4392
24.4931
24.4520
24.4223
24.4433
24.4518
24.5139
24.3848
24.4537
24.4273
24.4161
24.4303
24.3860
24.4227
24.4672
24.4795
24.4209
24.4140
24.3721
24.4068
24.4329
24.4831