23.4666
23.3769
23.3516
23.4910
23.4191
23.4561
23.4448
23.4290
23.4306
23.4198
23.4461
23.3629
23.3654
23.4925
23.4882
23.3550
23.4314
23.4444
23.4846
23.4138
23.4069
23.4544
23.3558
23.3996
23.4260
23.4850
23.3714
23.5184
23.3796
23.5127
23.3563
23.3881
23.4155
23.5212
23.4782
23.4578
23.2837
23.3831
23.4098
23.3547
23.3433
23.4105
23.3672
23.4368
23.4139
23.5532
23.4019
23.4735
23.5077
23.4563
23.3949
23.3765
23.4983
23.4260
23.4498
23.4055
23.3053
23.4994
23.4489
23.4539
23.4086
23.3604
23.4450
23.4347
23.3186
23.3756
23.3162
23.4182
23.4476
23.3678
23.3547
23.4527
23.4792
23.4373
23.3604
23.3363
23.4014
23.5355
23.4456
23.4683
23.3641
23.3495
23.4423
23.4927
23.4369
23.3613
23.4194
23.3077
23.4322
23.4252
23.2670
23.3763
23.4686
23.4662
23.4080
23.3517
23.4410
23.4473
23.5119
23.3841
23.3243
23.4418
23.4857
23.4567
23.3371
23.3771
23.4705
23.4742
23.4815
23.4147
23.4793
23.4403
23.4169
23.4377
23.3501
23.3642
23.4703
23.4749
23.4756
23.3781
23.3472
23.4983
23.4063
23.3411
23.3365
23.3904
23.3369
23.4197
23.4089
23.3656
23.3210
23.3261
23.4907
23.4234
23.4042
23.4891
23.4412
23.5288
23.4149
23.3694
23.4374
23.4325
23.4341
23.4132
23.4026
23.4222
23.4486
23.4404
23.4439
23.4847
23.4723
23.3744
23.5020
23.4526
23.4099
23.3752
23.4510
23.4272
23.3528
23.3340
23.4277
23.3710
23.4772
23.4061
23.3785
23.4369
23.4545
23.4297
23.4089
23.3774
23.5144
23.4119
23.4281
23.4996
23.4414
23.3239
23.4462
23.4403
23.3429
23.3551
23.3977
23.4641
23.4174
23.5458
23.3276
23.4073
23.4114
23.4971
23.4524
23.4470
23.4582
23.4731
23.4211
23.3524
23.5277
23.4772
23.4106
23.4811
23.3394
23.3996
23.4073
23.4317
23.5311
23.4108
23.3233
23.5187
23.5306
23.5796
23.4073
23.3074
23.3992
23.4415
23.3444
23.2798
23.4046
23.4285
23.3677
23.3897
23.2833
23.3490
23.3788
23.3813
23.4068
23.3555
23.3476
23.3861
23.5028
23.3535
23.2618
23.3214
23.4024
23.3664
23.3205
23.3045
23.3523
23.3563
23.3993
23.2826
23.2529
23.2943
23.2628
23.2549
23.2108
23.3193
23.2691
23.3171
23.2598
23.2419
23.2269
23.2534
23.2943
23.2118
23.1774
23.2179
23.2102
23.2329
23.2171
23.1773
23.0773
23.1906
23.1794
23.1517
23.0790
23.1398
23.1687
23.1655
23.0937
23.0783
23.0889
23.1517
23.1959
23.0832
23.0594
23.0040
23.0692
23.0979
23.1825
22.9600
23.0020
23.0085
22.9767
22.8810
22.9872
22.9585
22.9921
23.0630
22.8985
22.8898
22.8930
22.9868
22.9798
22.8889
22.9301
22.9718
22.9184

22.9619
22.8174

22.8017
22.9630

22.8632

22.8061
22.7602

22.8218
22.7780

22.8098
22.8662
22.8629

22.7070

22.8151

22.8877
22.7869

22.6922

22.6945
22.7391
22.7329

22.8883

22.7060

22.7919

22.6763

22.7769
22.7535

22.6458

22.6115

22.5735
22.5789

22.5962

22.6010

22.6994
22.6513

22.6345

22.5542

22.5856

22.5330
22.5139
22.6750

22.6848

22.5983

22.5867

22.5775

22.7700
22.5820

22.4927
22.4755

22.5701

22.4827
22.5994
22.5219

22.4992

22.4751

22.5243
22.5303
22.4161

22.4867

22.4455

22.4184

22.4214

22.4484

22.4568
22.4750

22.3861

22.5101

22.3471

22.3422

22.4178
22.4584

22.3724

22.4534
22.3736
22.3983
22.3845
22.3225
22.2167
22.2246
22.3073

22.3838
22.3410
22.2672

22.3566

22.3765

22.3140

22.2351

22.2263

22.2331

22.1905
22.1880
22.2850

22.2415

22.2877

22.3030
22.1753
22.1323
22.2494

22.1888
22.2588

22.2802
22.2322

22.2085
22.2101

22.1228

22.2460

22.1047

22.1203

22.1657

22.1825

22.2316

22.2268

22.1852

22.1557

22.1282

22.1282

22.1403
22.1024
22.1948
22.1660

22.1056

22.0412

22.0489

22.1482

22.1875

22.0303

21.9817

22.0278

22.1327
22.0353
21.9834
21.9011

22.0000
21.9794

22.0986

21.9363

22.0063

21.9864

21.9712
22.1019

21.9894
22.0701

22.1442

22.0030

22.0075

21.8966

21.9627

21.9973

22.0500

22.0547

21.8953

21.9899
21.9377

22.0336

21.9345

22.0030
21.9321

21.8841

22.0316
21.9561
21.8206
21.8937

21.9463

21.9895
21.8143

21.8873

21.8766
21.9443
21.9914

21.8602

21.8262
22.0521

21.9361
21.9255

21.8569
21.8724

21.8991

21.8702

21.8872
21.8723

21.7821

21.8455

21.9321
21.8367
21.8523
21.8665
21.8128

21.8458

21.8884
21.8554
21.7415

21.8242

21.8574
21.8355

22.0001

21.7000

21.7682
21.8966

21.8247

21.8126
21.7559

21.7488

21.8395

21.7877
21.7562

21.7526
21.7947
21.8372
21.8215
21.7757

21.7259
21.7923

21.8067
21.8113

21.7138
21.7226
21.8564
21.8097
21.7261

21.7775

21.7440

21.7147
21.8539

21.7893
21.8233

21.7718

21.7374

21.7738
21.7715

21.7492
21.6361

21.7188
21.6050
21.6908

21.6333

21.6667
21.6498
21.7025
21.7624

21.6677

21.5876

21.6366

21.7595

21.6875

21.7715

21.6081

21.7498

21.6264

21.7277
21.5973
21.6372

21.7386

21.7368

21.6980
21.5467
21.6845
21.5881
21.7323

21.6025

21.7095

21.5815

21.6156
21.7149

21.5573
21.5678
21.5512

21.6281
21.6574

21.6247

21.6174

21.4739

21.7569

21.6728

21.5985

21.5993

21.5909

21.6587

21.7094

21.6254
21.5958

21.5812

21.6104
21.6221
21.6640
21.6327
21.5271
21.5995
21.5372

21.4802
21.5161

21.6352
21.6019

21.7526

21.6105

21.5592
21.6794

21.5012

21.6458

21.5303
21.4913

21.5862
21.5871
21.4807

21.4912

21.5357
21.6466

21.6618

21.5642
21.5549
21.5430
21.5228
21.6822

21.5372

21.5298
21.5539
21.6051
21.6448

21.5838

21.4862
21.5817

21.5499

21.7230

21.5167
21.5549
21.5074
21.6240

21.6109
21.5447
21.4879
21.6077
21.6213
21.6929
21.5809

21.5235

21.3908
21.5581
21.5379

21.5016

21.6133
21.3566
21.6276

21.6683
21.4889
21.4440
21.4460
21.5914
21.4721
21.5074

21.5434

21.5357
21.5012
21.5650
21.4883
21.4557

21.5205

21.5722
21.5384
21.6258
21.4661
21.4973

21.4881
21.4992
21.4988
21.4307

21.5669

21.5690
21.4028
21.4511
21.4504
21.4878
21.4554

21.5398

21.4922

21.4991
21.4175

21.4143

21.5446

21.5264
21.5293
21.5445
21.4983
21.5056
21.5802
21.4825

21.4807
21.5113
21.5742
21.4649
21.4471
21.5112
21.6065
21.4678
21.4927
21.5111

21.4350
21.5354
21.5167
21.3800
21.4664
21.5118
21.4845
21.5791
21.4427
21.4719

21.5929

21.5199
21.4939
21.5410
21.5023
21.5463
21.4683
21.4566
21.4624
21.4647
21.5901
21.5537
21.3637

21.4535
21.4498
21.5134
21.4886
21.4552
21.5439
21.5339
21.4376
21.4810
21.4380
21.4039
21.3986
21.4876
21.4514
21.6421
21.4622
21.5032
21.5258
21.5797
21.5122
21.4330
21.4060
21.4823
21.4199
21.4781
21.4040
21.5977
21.4853
21.5282
21.4255
21.4271
21.4290

21.5749
21.4376
21.5298
21.3717
21.4403
21.5534
21.4843
21.5613
21.4535
21.4465
21.5525
21.4825
21.4079
21.4330
21.4603

21.6018
21.5345
21.4505
21.4356
21.5073
21.5920
21.5668
21.4352
21.4216
21.5245

21.4273
21.5120
21.4386
21.3909
21.4855
21.5065
21.4751
21.4595
21.4284
21.5292

21.5365
21.4768

21.4234
21.5284
21.5458
21.6542
21.4864
21.4933
21.5397
21.4608

21.5734
21.4879
21.4597
21.5048
21.4518
21.5047
21.4639
21.4186
21.4318
21.5015

21.5136
21.4568
21.4665
21.5153
21.4986
21.6248
21.5002
21.4247
21.4345
21.5684

21.5091
21.4334
21.5003
21.4905
21.5665
21.5357

21.4892
21.6089
21.4483
21.5942
21.5413
21.4760
21.4599
21.5227
21.5532
21.5387
21.4788
21.4760
21.5802
21.6343
21.5532
21.5193
21.5571
21.5885
21.6199
21.6395
21.5613
21.5306
21.5692
21.5470
21.6600
21.6129
21.5796
21.5730
21.6017
21.6532
21.7399
21.6173
21.7613
21.6691
21.5830
21.6329
21.7148
21.7412
21.7850
21.7980
21.7023
21.6615
21.7660
21.7617
21.7658
21.6824
21.7575
21.7496
21.8560
21.8022
21.7340
21.7808
21.7399
21.8239
21.8276
21.7508
21.7733
21.8575
21.8689
21.8247
21.8249
21.8260
21.8830
21.9091
21.9029
21.8220
21.9927
21.9756
21.9557
21.9256
21.9067
21.9164
22.0116
21.9955
21.9752
21.9127
21.9450
22.0084
22.0813
22.0062
22.1077
22.0551
22.0744
22.0762
21.9868
21.9552
22.0473
22.1222
22.1179
22.0643
22.0142
22.0801
22.1276
22.0915
22.0887
22.0787
22.1178
22.1660
22.1508
22.0486
22.1168
22.1488
22.1461
22.2205
22.1993
22.2173
22.1994
22.1609
22.2431
22.2025
22.2349
22.2691
22.2570
22.3193
22.2008
22.2496
22.3539
22.3594
22.3297
22.2733
22.2097
22.3741
22.3865
22.3189
22.3758
22.3843
22.3336
22.3999
22.3554
22.3329
22.4616
22.3839
22.4292
22.4192
22.2765
22.3713
22.4467
22.5194
22.4564
22.4364
22.5357
22.5194
22.5208
22.4800
22.4568
22.4994
22.5316
22.5418
22.4647
22.5139
22.5596
22.5628
22.5514
22.4691
22.4981
22.6987
22.4788
22.6420
22.4927

22.4890
22.5740
22.6159
22.6341
22.4841
22.5141
22.6649
22.6440
22.6337
22.5759
22.6447
22.6561
22.6588
22.6575
22.6351
22.6541
22.6984
22.6740
22.7100
22.6938
22.6742
22.7139
22.7415
22.7743
22.6264
22.6274
22.7454
22.7606
22.8026
22.6915
22.7922
22.7650
22.9318
22.8900
22.7586
22.7742
22.8530
22.8138
22.8100
22.7845
22.7718
22.8233
22.9158
22.8235
22.7901
22.8193
22.8713
22.8467
22.8296
22.8894
22.8240
22.9605
22.9186
22.8683
22.8870
22.8266
22.9225
22.9160
22.9051
22.8799
22.8954
22.9831
22.9918
22.9091
22.8918
22.9661
22.9725
22.9386
22.9711
22.9240
23.0576
23.0046
23.0419
22.9446
22.9577
22.9287
23.0738
23.0486
22.9572
22.8935
22.9858
23.1085
23.0294
22.9887
23.0730
23.0465
23.0954
23.1464
23.0581
23.1312
23.0645
23.1080
22.9897
23.0929
23.0410
23.0395
23.0412
23.1210
23.0962
23.0700
23.2029
23.1637
23.0296
23.0949

23.0506
23.1476
23.1311
23.1924
23.0857
23.0974
23.0819
23.1226
23.1371
23.0932
23.1506
23.1395
23.1921
23.0576
23.0986
23.1540
23.2856
23.1291
23.1550
23.1511
23.2154
23.2389
23.2349
23.2379
23.1527
23.1663
23.2218
23.2904
23.3631
23.1414
23.1530
23.2435
23.4200
23.2913
23.2422
23.2964
23.3614
23.2845
23.2799
23.3067
23.2068
23.3383
23.3205
23.3425
23.3295
23.2609
23.3702
23.3685
23.3419
23.2601
23.2912
23.1824
23.3773
23.3159
23.3297
23.3040
23.3563
23.3420
23.2665
23.4241
23.3699
23.5488
23.3954
23.3254
23.3150
23.3715
23.3293
23.3934
23.3530
23.4234
23.4593
23.4694
23.3255
23.2975
23.3591
23.3660
23.4880
23.4333
23.3907
23.4655
23.4572
23.4550
23.3671
23.3257
23.4187
23.3675
23.3882
23.4271
23.4130
23.4854
23.4468
23.4238
23.4594
23.3940
23.3998
23.3770
23.5642
23.4614
23.5046
23.4750

23.5483
23.4941
23.4601
23.4395
23.4697
23.5084
23.5928
23.4440
23.5111
23.3916

23.5857
23.6224
23.5186
23.5342
23.5873
23.4731
23.5034
23.4007
23.5610
23.4869
23.5833
23.4978
23.5048
23.6336
23.5575
23.6034
23.6101
23.5517
23.5045
23.5467
23.4515
23.5685
23.5669
23.5427
23.5196
23.5652
23.5514
23.4903
23.6353
23.7022
23.6141
23.5987
23.5571
23.6878
23.6048
23.6655
23.5529
23.5108
23.6142
23.5972
23.6356
23.5845
23.4923
23.5918
23.6042
23.6300
23.6046
23.5900
23.5605
23.5804
23.6037
23.6538
23.5492
23.5845
23.6150
23.6598
23.6130
23.6159
23.6204
23.6357
23.6409
23.5876
23.6203
23.6295
23.6656
23.8297
23.6294
23.6607
23.6300
23.5875
23.6243
23.7077
23.6754
23.6223
23.6738
23.7072
23.7670
23.6407
23.7130
23.9582
23.8232
23.5807
23.7447
23.7042
23.6742
23.7511
23.7183
23.6060
23.6756
23.7431
23.8449
23.6734
23.7017
23.6568
23.7280
23.6590
23.5389
23.6879
23.6125
23.7399
23.7745
23.7176
23.7479
23.6796
23.8528
23.8473
23.6887
23.6832
23.7324
23.7672
23.7692
23.7519
23.6880
23.7465
23.8640
23.6973
23.7139
23.6840
23.8596
23.8087
23.8615
23.6855
23.6769
23.8107
23.8323
23.7318
23.6886
23.7460
23.8346
23.9132
23.8646
23.7312
23.7410
23.8542
23.7799
23.8155
23.7460
23.7417
23.8978
23.8796
23.7836
23.6897
23.7809
23.7840
23.8006
23.7936
23.6808
23.7679
23.7284
23.8243
23.6521
23.7265
23.7656
23.7918
23.8302
23.7330
23.8630
23.8058
23.8053
23.8574
23.7879
23.8005
23.8118
23.8880
23.8632
23.8518
23.7425
23.7718
23.8040
23.8877
23.7547
23.8135
23.7575
23.7738
23.8974
23.8252
23.7439
23.8178
23.8245
23.8583
23.7347
23.7107
23.8827
23.9490
23.8704
23.8592
23.8232
23.8746
23.8534
23.8470
23.7202
23.8598
23.8526
23.9336
23.9851
23.6751
23.7568
23.9088
23.8227
23.9390
23.8461
23.8829
23.9656
23.8898
23.7847
23.9195
23.8680
23.8614
23.9056
23.8211
23.7277
23.8107
23.9031
23.8363
23.9151
23.7769
23.8564
23.9379
23.7750

23.9647
24.0158
23.7965
23.9599
23.8635
23.8109
23.8795
23.8550
23.9408
23.9630

23.8759
23.7798
23.9675
23.9394
24.0899
23.8653
23.7617
23.8134
23.8910
23.9800
23.9182
23.7605
23.8034
23.8240
23.8985
23.8524
23.8702
23.9466
23.9291
23.9958
23.9191
23.9080
23.9084
23.8891
23.9020
23.9636
23.9110
23.8983
23.8881
23.9762
23.9219

23.8364
23.8134
23.9442
23.8856
23.7864
23.8132
24.1220
23.7860
23.9932
23.8998
23.8276
23.9111
23.9920
24.0769
23.8694
23.8983
24.0278
23.9498
23.9538
23.9637
23.8204
23.8977
23.8827
23.9199
23.8805
23.8594
23.8893
23.9458
23.9642
23.9288
23.8467
24.0571
23.8478
24.0181
23.8710
23.9077
24.0042
24.0156
24.0457
23.8834
23.8120
23.9170
23.9647
23.8007
23.9184
23.9336
24.0260
23.8654
23.8857
23.7942
23.8926
23.9576
23.9309
23.8016
23.8629
24.0579

23.9149
24.0058
24.0121
23.9824
23.9625
23.9947
23.9656
24.1501
23.9191
23.9242
23.9474
23.8928
23.9184
23.9272
23.8999
23.9307
23.9757
23.9265
23.9499
23.9579
23.9951
24.0597
23.9343
23.9729
23.9799
23.9029
23.9671
23.8965
23.9464
23.9438
24.0018
23.9820
23.9702
24.0504
23.9265
23.9358
24.0652
23.9643
23.9998
23.9125
24.0243
24.0056
23.9762
24.0088
23.9467
23.9910
23.9509
23.8591
23.9360
23.9571
23.9792
23.9934
23.9267
23.9668
23.9165
23.9678
23.9872
23.9699
23.9970
24.0118
24.0906
23.9162
23.9865
24.0083
24.0051
24.0990
24.0394
23.9963
23.9835
24.0127
23.9997
23.9804
23.9635
23.9500
23.9228
24.0655
23.9785
23.9566
23.9502
24.0827
23.9741
24.0138
23.9309
23.9935
23.9795
24.0187
23.9332
23.9320
24.0200
24.0464
24.0614
24.0647
23.9863
23.9786
24.0440
24.0089
24.0082
24.0008
24.1424
24.0360
24.0854
24.0172
24.0118
24.0393
24.0365
24.0324
23.9647
23.8985
24.0435
23.9360
24.0080
23.9748
23.9310
24.0378
23.9944
24.0193
24.0225
23.9015
23.9308
24.0764
23.9619
23.9432
23.9938
24.0532
24.0159
24.0166
23.9256
23.8681
23.9205
23.9831
24.0644
23.9524
23.9786
23.9249
23.9800
23.9153
23.9454
23.9733
24.0734
24.0467
24.0550
23.9774
24.0469
23.9824
24.0182
24.1067
24.0206
24.0235
24.0704
24.0036
24.0946
23.9442
24.0852
23.9754
24.0619
24.0612
23.9737
23.9406
24.0309
24.0972
24.0374
23.9087
24.0773
24.0941
23.9816
23.9852
23.9993
24.0814
24.0640
24.0537
24.0048
24.0914
24.0039
24.0047
24.0296
23.9780
23.9193
23.9680
24.0628
24.0252
23.9953
23.9935
24.0544
24.0758
24.1493
23.9753
24.0301
24.0525
24.0475
24.0399
23.9778
23.9477
24.0110
24.0829
24.0642
24.0182
23.9833
24.0560
23.9969
24.0001
23.9766
24.0428
24.0548
24.0430
23.9705
23.9852
24.0123
23.9818
24.0514
24.0772
24.0427
23.9991
24.0945
24.0662
24.0230
24.0819
23.9494
24.0092
24.1030
24.0502
23.9721
24.0027

24.0156
24.0486
24.0506
24.0087
24.0002
24.0023
24.1153
24.0150
24.0170
23.9377
23.9982
24.1111
24.0131
24.0391
23.9671
24.0451
24.0580
24.0619
24.0156
23.9949
24.0652
24.0427
24.1105
24.0607
24.0805
24.1070
24.0280
24.0497
23.9895
24.1331
24.0821
24.0841
24.0434
23.9666
23.9074
23.9646
24.0729
24.0257
23.9348
24.0832
24.0448
24.0973
24.0817
24.0050
24.0821
24.1487
24.0042
23.9657
24.0441
24.0809
24.0673
24.0561
23.9853
24.0042
24.1089
24.0681
24.1875
23.9922
24.0112
24.0478
24.0793
24.0310
23.9725
23.9604
24.0079
24.0553
24.0274
23.9431
23.9879
24.1066
24.0219
24.0193
24.0480
24.0461
24.0146
24.1610
24.0414
23.9599
24.0698
24.0362
24.0360
24.0917
24.0078
23.9815

24.1640
24.1039
23.9684
23.9339
23.9686
24.0911
24.1054
24.0288
24.0858
23.9334
24.1378
24.2323
24.0186
23.9433
24.0466
24.0842
24.0829
24.0653
24.0179
23.9334
24.1223
24.0284
23.9103
23.9212
24.0809
24.0934
23.9556
24.0187

23.9875
24.0020
24.1214
24.0745
23.9544
24.0890
24.0517
24.0522
24.0784
23.9611
24.0563
24.1124
24.0083
23.9869
24.0234
23.9500
24.0034
23.9987
24.0003
23.9338
24.0109
24.0875
24.0723
24.0687
24.0123
24.0562
23.9539
24.1831
24.1266
23.9907
23.9844
23.9358
24.0298
24.1301
23.9995
23.9764
24.0006
23.9826
23.9728
23.9577
24.0508
24.0267
24.0335
23.9854
23.9954
23.9453
24.1309
24.0673
24.0782
24.0153
24.1221
24.0508
24.0741
24.1383
24.0442
24.0919
23.9725
24.0995
23.9375
24.0374
24.1049
24.1421
24.0318
24.1454
23.9745
24.0321
23.9985
24.0846
24.0329
23.9865
23.9892
24.0234
24.0913
24.0067
24.0213
24.0285
23.9839
24.0886
24.0115
23.9999
24.0547

24.0029
24.0969
24.0701
24.0206
24.0098

23.9943
24.0763
23.9540
24.0330
23.9985
24.0679
24.0891
24.0386
23.9892
24.0438
24.0315
24.0283
24.0048
23.9716
24.1075
23.9799
24.0746
23.9504
23.9737
24.0561
24.0314
24.0153
23.9664
23.9301
24.0266
24.0991
24.0437
23.9503
23.9827
24.0596
24.0426
24.0899
24.0059
23.9376
24.0342
24.0546
24.0445
23.9881
23.9788
24.0076
24.2215

23.9308
23.9554
24.0152
24.0480
24.0336
24.0149
23.9764
23.9770
24.0803
24.1234
24.0348
23.9867
23.9723
23.9693
24.0691
23.9771
23.9655
23.9780
24.0306
24.1049
24.0495
23.9533
23.8996
24.0875
24.0926
24.0464
23.9675
24.0397
24.0361
24.0174
24.0431
23.9540
24.0887
24.0339
24.0448
24.0093
24.0136
24.0381
24.0482
24.0459
23.9537
23.9869
24.0215
23.9880
24.0091
23.9378
23.8943
23.9898
24.0218
23.9889
23.9472
23.9407
23.9851
24.0365
24.0426
23.9452
23.9882
23.9959
23.9772
24.0112
23.9479
23.9403
23.9312
24.0392
24.0508
23.9677
23.8872
24.0683
24.0279
24.0567
24.0078
23.9414
24.0266
23.9990
23.9712
24.0695
23.9877
24.0151
23.9970
24.0070
23.9834
23.9760
24.0845
24.0454
24.0437
24.0780
24.0154
24.0248
24.0990
23.9250
24.0268
23.9561
24.0309
24.0152
23.9699
23.9523
23.9377
24.0034
23.9964
23.9935
23.9606